3.670290275476872748e-04 -7.989726117812096830e-04 -3.995872884988785085e-04 -8.617282193154097731e-05 -1.539339204446878329e+00 -4.573508929461240829e-04 -2.782507534138858180e-04 -5.410117674618959965e-04 0.000000000000000000e+00
-3.232412799250365589e-03 -2.545284072368647968e-02 9.491166424785360198e-03 9.427659722299072675e-03 -1.527625196210377068e+00 -7.213611003472448005e-03 -1.337234982195575038e-02 3.361140847173451490e-03 0.000000000000000000e+00
-7.174241572855086756e-03 -5.007209385678659114e-02 1.968472147604903230e-02 1.889843553162842346e-02 -1.514867965921999904e+00 -1.378500938149477932e-02 -2.555276130697925821e-02 7.200030925345269651e-03 0.000000000000000000e+00
-1.147950413240708505e-02 -7.463126452568771829e-02 3.019634272788719598e-02 2.832826621047464244e-02 -1.501083989762940440e+00 -2.017273835376675456e-02 -3.681584447505979046e-02 1.098725165675078219e-02 0.000000000000000000e+00
-1.616851040769912498e-02 -9.910679164135914598e-02 4.104215464174980343e-02 3.771952473478505652e-02 -1.486288912345605562e+00 -2.637785085062265694e-02 -4.715982883326565178e-02 1.473455648088676552e-02 0.000000000000000000e+00
-2.126087302632267625e-02 -1.234769359325904592e-01 5.223917741935941994e-02 4.707472304175729094e-02 -1.470497406675973062e+00 -3.240131324322303996e-02 -5.658456570702313781e-02 1.845387905306144702e-02 0.000000000000000000e+00
-2.677561031885717507e-02 -1.477217606462746802e-01 6.380533859618120474e-02 5.639643181385887993e-02 -1.453722941633495802e+00 -3.824403285700458260e-02 -6.509127467962398661e-02 2.215728615524812858e-02 0.000000000000000000e+00
-3.273127023079838022e-02 -1.718230935964804584e-01 7.575949591515700188e-02 6.568721954163099508e-02 -1.435977552963652704e+00 -4.390688528291817466e-02 -7.268227756421904995e-02 2.585693527904925001e-02 0.000000000000000000e+00
-3.914607539065449032e-02 -1.957644729949556683e-01 8.812147573917784860e-02 7.494961132511530899e-02 -1.417271616719006699e+00 -4.939074214714556099e-02 -7.936072350588088686e-02 2.956503791225483652e-02 0.000000000000000000e+00
-4.603808980782340271e-02 -2.195310792503728514e-01 1.009121314623801918e-01 8.418606725028397741e-02 -1.397613623210103517e+00 -5.469649990919740051e-02 -8.513030799686623074e-02 3.329382955009520945e-02 0.000000000000000000e+00
-5.342540799227193243e-02 -2.431096546132747449e-01 1.141534264585045699e-01 9.339897981773674640e-02 -1.377009948593027167e+00 -5.982511039356019911e-02 -8.999498756798175736e-02 3.705554739484105686e-02 0.000000000000000000e+00
-6.132636782540844961e-02 -2.664884121244516790e-01 1.278685463904478403e-01 1.025906896101730498e-01 -1.355464620264184461e+00 -6.477761379742197345e-02 -9.395869091295401543e-02 4.086241673429751031e-02 0.000000000000000000e+00
-6.975978921197992233e-02 -2.896569348427461277e-01 1.420820460805471697e-01 1.117635182979739711e-01 -1.332979071179548614e+00 -6.955517507194414195e-02 -9.702502609282016854e-02 4.472664703875711689e-02 0.000000000000000000e+00
-7.874524146566530547e-02 -3.126060657683907840e-01 1.568200367510003135e-01 1.209198181405628097e-01 -1.309551877029117906e+00 -7.415912476526013986e-02 -9.919698230195242439e-02 4.866043893714132318e-02 0.000000000000000000e+00
-8.830334355979348182e-02 -3.353277882356127670e-01 1.721104203431600699e-01 1.300620373636872384e-01 -1.285178468798898521e+00 -7.859100568401049258e-02 -1.004766234148722348e-01 5.267600343560360776e-02 0.000000000000000000e+00
-9.845610286593525773e-02 -3.578150958091628198e-01 1.879831788837422191e-01 1.391928012114298785e-01 -1.259850811536140869e+00 -8.285262712910000660e-02 -1.008647691121925954e-01 5.678559503479903986e-02 0.000000000000000000e+00
-1.092272999330950178e-01 -3.800618498197081974e-01 2.044707287012457742e-01 1.483150090202600691e-01 -1.233557037979311932e+00 -8.694612892119460423e-02 -1.003606577873273481e-01 6.100156086804098959e-02 0.000000000000000000e+00
-1.325969275734175945e-01 -3.969476629308116289e-01 2.139999933587963532e-01 1.583671879126152260e-01 -1.189733710769797170e+00 -8.467728407828831183e-02 -7.670854372112119457e-02 5.244141615138736556e-02 0.000000000000000000e+00
-1.567938084721613723e-01 -4.139020764794357210e-01 2.247733641378984459e-01 1.688581322872310664e-01 -1.144746667933999928e+00 -8.282893008451064354e-02 -5.238523658173020042e-02 4.402627229778003498e-02 0.000000000000000000e+00
-1.819200648499879058e-01 -4.308937501201929310e-01 2.368896089108077918e-01 1.798003950535360940e-01 -1.098507226218316868e+00 -8.142066178152161660e-02 -2.733135865232547840e-02 3.577307840935364802e-02 0.000000000000000000e+00
-2.080933803356696810e-01 -4.478855987080344603e-01 2.504631889593754712e-01 1.912120601121750640e-01 -1.050910987112294359e+00 -8.047889316412712435e-02 -1.477682644919920112e-03 2.770348357113296828e-02 0.000000000000000000e+00
-2.354508064148400914e-01 -4.648329516026976083e-01 2.656279402856739358e-01 2.031182731050861501e-01 -1.001834396484216017e+00 -8.003879663602421479e-02 2.525705303973264579e-02 1.984506364705930503e-02 0.000000000000000000e+00
-2.641540204972706585e-01 -4.816809675675616798e-01 2.825420119475862690e-01 2.155533870861989776e-01 -9.511298707504134420e-01 -8.014694557873719427e-02 5.296924750985279595e-02 1.223303460795647016e-02 0.000000000000000000e+00
-2.943965261056065152e-01 -4.983609318634047436e-01 3.013945552792426374e-01 2.285640438257739160e-01 -8.986191137726249334e-01 -8.086506535584163380e-02 8.177466720346793227e-02 4.912705074747009647e-03 0.000000000000000000e+00
-3.264137505199378175e-01 -5.147848166943892467e-01 3.224149928595763659e-01 2.422137120761516937e-01 -8.440837272735141061e-01 -8.227547864281081758e-02 1.118143538449909019e-01 -2.056930606930792299e-03 0.000000000000000000e+00
-3.604976099546163271e-01 -5.308370525506204141e-01 3.458862133401539030e-01 2.565895740468351893e-01 -7.872516367956159389e-01 -8.448922847247289369e-02 1.432631141711121214e-01 -8.597783437372630636e-03 0.000000000000000000e+00
-3.970182384062370118e-01 -5.463616380427923636e-01 3.721639747892331873e-01 2.718133518305771990e-01 -7.277767942857712447e-01 -8.765860354496746165e-02 1.763421351963807560e-01 -1.460425964907746503e-02 0.000000000000000000e+00
-4.364577593340850381e-01 -5.611410717128817449e-01 4.017065918086917820e-01 2.880590695610683594e-01 -6.652075741381706653e-01 -9.199725449545048672e-02 2.113384966070944171e-01 -1.992966081722499783e-02 0.000000000000000000e+00
-4.794655123344966907e-01 -5.748600482170723724e-01 4.351226513927070050e-01 3.055837612265360215e-01 -5.989350813042826349e-01 -9.781419094600861397e-02 2.486368621222462549e-01 -2.436309535894715453e-02 0.000000000000000000e+00
-5.235987755982988157e-01 -5.906342620955457035e-01 4.712425234666048901e-01 3.223050967812729484e-01 -5.249469356654484775e-01 -1.038681833915486297e-01 2.901182663498473868e-01 -2.725568134094366948e-02 0.000000000000000000e+00
-5.235987755982988157e-01 -6.648129802648351516e-01 4.827645548138654874e-01 3.096736488479452376e-01 -3.863568422063228258e-01 -7.970627167122844303e-02 3.619422724003070191e-01 -2.318260859346796265e-02 0.000000000000000000e+00
-5.235987755982988157e-01 -6.648129802648351516e-01 4.827645548138654874e-01 3.096736488479452376e-01 -3.863568422063228258e-01 -7.970627167122844303e-02 3.619422724003070191e-01 -2.318260859346796265e-02 1.000000000000000000e+00
-4.789023589628482735e-01 -6.719283880905720929e-01 4.558833271355278716e-01 2.918611050661586437e-01 -4.364728860684713441e-01 -6.837292126464190878e-02 3.198515502518183284e-01 -1.814658494422705104e-02 1.000000000000000000e+00
-4.385432072464285902e-01 -6.775471686814857897e-01 4.326357414540612512e-01 2.760377606484703539e-01 -4.833857400617971312e-01 -5.931811545875206870e-02 2.797286665504795655e-01 -1.209333880834710835e-02 1.000000000000000000e+00
-4.017393731449852567e-01 -6.822263913979675909e-01 4.124372154240072419e-01 2.617733012621665800e-01 -5.275071602026395468e-01 -5.202394832254121637e-02 2.412768149931397710e-01 -5.312344240947301267e-03 1.000000000000000000e+00
-3.679196247074571491e-01 -6.863436191602998449e-01 3.948472437220116316e-01 2.487766852128116823e-01 -5.691448684978331896e-01 -4.612892567341609490e-02 2.042712517707901965e-01 2.000085880840504673e-03 1.000000000000000000e+00
-3.366483219992431053e-01 -6.901655562897830443e-01 3.795205934259420766e-01 2.368411360216947092e-01 -6.085398569754986164e-01 -4.136983710463533470e-02 1.685349304543466986e-01 9.705371305244507585e-03 1.000000000000000000e+00
-3.075844226251299718e-01 -6.938862232366255212e-01 3.661806219677397611e-01 2.258146647672756024e-01 -6.458845992847143114e-01 -3.754943395578477783e-02 1.339259515863063243e-01 1.770355160569660191e-02 1.000000000000000000e+00
-2.804553170165228759e-01 -6.976500144896523592e-01 3.546016678428629554e-01 2.155822712432505783e-01 -6.813354242956695117e-01 -3.451633142610260885e-02 1.003289706706294998e-01 2.592132431826217262e-02 1.000000000000000000e+00
-2.550393933388334644e-01 -7.015662989544797501e-01 3.445969762267795389e-01 2.060547133092682504e-01 -7.150211166391591266e-01 -3.215195750909134037e-02 6.764917107359648407e-02 3.430427683553311652e-02 1.000000000000000000e+00
-2.311539945354514070e-01 -7.057190294577567746e-01 3.360101474852256742e-01 1.971611529838610821e-01 -7.470490372793049394e-01 -3.036177007132090030e-02 3.580793408001738815e-02 4.281168350355857993e-02 1.000000000000000000e+00
-2.086468449073027587e-01 -7.101732739252331061e-01 3.287089127568610936e-01 1.888441854073642234e-01 -7.775095786964529854e-01 -2.906916766976731792e-02 4.739658248537386744e-03 5.141292906450566080e-02 1.000000000000000000e+00
-1.873897882843525986e-01 -7.149797761703504673e-01 3.225804969301199754e-01 1.810563838557056049e-01 -8.064794768500974653e-01 -2.821116009199415783e-02 -2.561062478227557962e-02 6.008499477235079711e-02 1.000000000000000000e+00
-1.672741130168368673e-01 -7.201782153803693021e-01 3.175280949819710430e-01 1.737578383635867973e-01 -8.340243214984458531e-01 -2.773522271586918372e-02 -5.528907085062080562e-02 6.881065736680384848e-02 1.000000000000000000e+00
-1.482069947867070692e-01 -7.257995830205160592e-01 3.134681482446544654e-01 1.669143626405645564e-01 -8.602004930040334507e-01 -2.759696759975554733e-02 -8.433443710817432881e-02 7.757717716395194640e-02 1.000000000000000000e+00
-1.301087448018879433e-01 -7.318679474053818579e-01 3.103282075760174785e-01 1.604961608187687183e-01 -8.850566810913597093e-01 -2.775839047631527973e-02 -1.127791971166619694e-01 8.637532841458858690e-02 1.000000000000000000e+00
-1.129106498056554053e-01 -7.384017851750180883e-01 3.080452350056351318e-01 1.544768171109421606e-01 -9.086350935147512464e-01 -2.818653184369082285e-02 -1.406504331505888938e-01 9.519867349989127869e-02 1.000000000000000000e+00
-9.655325462769633049e-02 -7.454150013827169907e-01 3.065642382145792322e-01 1.488325163869203549e-01 -9.309724309701027378e-01 -2.885244091499158600e-02 -1.679705599032361441e-01 1.040430134862763978e-01 1.000000000000000000e+00
-8.098498079824162366e-02 -7.529177226392926858e-01 3.058371611257260092e-01 1.435414326849904221e-01 -9.521006830949190203e-01 -2.973036460878893464e-02 -1.947579190432784935e-01 1.129059680527156606e-01 1.000000000000000000e+00
-6.616100396203954126e-02 -7.609169229762612341e-01 3.058219740591676117e-01 1.385832415639332849e-01 -9.720477855952803781e-01 -3.079710595137708992e-02 -2.210272736751127676e-01 1.217866515304698027e-01 1.000000000000000000e+00
-5.204233301374985160e-02 -7.694169254267730906e-01 3.064819207873707430e-01 1.339387253657416121e-01 -9.908381680490928600e-01 -3.203151205998203827e-02 -2.467902245302852904e-01 1.306854211508929886e-01 1.000000000000000000e+00
-3.859504833744457214e-02 -7.784198106486476254e-01 3.077848902916739959e-01 1.295894487949500185e-01 -1.008493214572627084e+00 -3.341406204225606802e-02 -2.720555642668323060e-01 1.396036801047163822e-01 1.000000000000000000e+00
-2.578966677946416264e-02 -7.879257558790995208e-01 3.097028881980219972e-01 1.255174886194748707e-01 -1.025031654091590472e+00 -3.492653310282230888e-02 -2.968295824753229284e-01 1.485437225991692589e-01 1.000000000000000000e+00
-1.360060857785463408e-02 -7.979333216745642110e-01 3.122115885270980162e-01 1.217052053430662251e-01 -1.040469893037201832e+00 -3.655172828962455905e-02 -3.211163310840253193e-01 1.575086114264214188e-01 1.000000000000000000e+00
-2.005747016747033446e-03 -8.084396997530242102e-01 3.152899503127188363e-01 1.181350480476669740e-01 -1.054822300310167327e+00 -3.827325350184507952e-02 -3.449178576157962972e-01 1.665020808177333500e-01 1.000000000000000000e+00
9.013974182793800180e-03 -8.194409321429629856e-01 3.189198869857652885e-01 1.147893854987323964e-01 -1.068101452177842692e+00 -4.007533393633894853e-02 -3.682344121378038904e-01 1.755284592394740495e-01 1.000000000000000000e+00
1.947486756496368335e-02 -8.309321096044316457e-01 3.230859787401628158e-01 1.116503583264353977e-01 -1.080318343064746278e+00 -4.194266236032045958e-02 -3.910646324956139619e-01 1.845926080374991618e-01 1.000000000000000000e+00
2.939078211717734840e-02 -8.429075555977743051e-01 3.277752198648704596e-01 1.086997484527787300e-01 -1.091482566893042572e+00 -4.386027328237439987e-02 -4.134057112182422111e-01 1.936998727388119235e-01 1.000000000000000000e+00
3.877334435471442575e-02 -8.553610007502080448e-01 3.329767947685036145e-01 1.059188624076656815e-01 -1.101602472659393372e+00 -4.581343792273193799e-02 -4.352535467562982374e-01 2.028560448106026259e-01 1.000000000000000000e+00
4.763216637865640146e-02 -8.682857519297062510e-01 3.386818773244632541e-01 1.032884259738587190e-01 -1.110685297089449852e+00 -4.778757575155015425e-02 -4.566028819520458470e-01 2.120673318107600680e-01 1.000000000000000000e+00
5.597502559678036588e-02 -8.816748591458877238e-01 3.448834490302502553e-01 1.007884886535355823e-01 -1.118737276639621303e+00 -4.976817962209342805e-02 -4.774474298393959204e-01 2.213403347057411596e-01 1.000000000000000000e+00
6.380801996170674950e-02 -8.955212830464510665e-01 3.515761328101362215e-01 9.839833541691912766e-02 -1.125763740624011300e+00 -5.174075073989296142e-02 -4.977799889599354710e-01 2.306820315630758456e-01 1.000000000000000000e+00
7.113570180433823054e-02 -9.098180653987268940e-01 3.587560393526659230e-01 9.609640443686180700e-02 -1.131769186802409566e+00 -5.369074088629572500e-02 -5.175925487260042424e-01 2.400997668282737474e-01 1.000000000000000000e+00
7.796119270206888774e-02 -9.245585046692070819e-01 3.664206235466006545e-01 9.386020933279547174e-02 -1.136757340448738107e+00 -5.560349925368042456e-02 -5.368763853168206923e-01 2.496012457439720778e-01 1.000000000000000000e+00
8.428628133047508242e-02 -9.397363386857412459e-01 3.745685488835607257e-01 9.166626459752580391e-02 -1.140731197625624471e+00 -5.746422139799860218e-02 -5.556221484437395830e-01 2.591945335323323496e-01 1.000000000000000000e+00
9.011150573854967427e-02 -9.553459362391932830e-01 3.831995584378303787e-01 8.949001233419567880e-02 -1.143693053179514196e+00 -5.925789759861636863e-02 -5.738199387450824140e-01 2.688880596706629822e-01 1.000000000000000000e+00
9.543622127459816529e-02 -9.713824996623768859e-01 3.923143507143737052e-01 8.730574898131619743e-02 -1.145644513674654252e+00 -6.096925818774842631e-02 -5.914593759416721941e-01 2.786906269949723236e-01 1.000000000000000000e+00
1.002586550127242959e-01 -9.878422804918494116e-01 4.019144592509135139e-01 8.508655004325919868e-02 -1.146586495296176400e+00 -6.258271308841904801e-02 -6.085296572424462314e-01 2.886114260588092395e-01 1.000000000000000000e+00
1.096159254940501510e-01 -9.817099174664893901e-01 4.119116473757427066e-01 8.840328865195977437e-02 -1.142285132016026550e+00 -6.776839295530104335e-02 -5.993387029448653536e-01 3.009184962883033609e-01 1.000000000000000000e+00
1.185123357264566413e-01 -9.758435638416881330e-01 4.222775268860377573e-01 9.189672180710153904e-02 -1.136976057330625123e+00 -7.291627312983410547e-02 -5.895778988196898052e-01 3.133102427846777838e-01 1.000000000000000000e+00
1.269394186077117681e-01 -9.702445234124433826e-01 4.330082834082368826e-01 9.556135427210872557e-02 -1.130652423140629859e+00 -7.801981873035107595e-02 -5.792508408911606343e-01 3.257868442883894988e-01 1.000000000000000000e+00
1.348877534426629055e-01 -9.649142969956584492e-01 4.441016901551096963e-01 9.939175136807837374e-02 -1.123306468972987693e+00 -8.307265351757278649e-02 -5.683607137558852607e-01 3.383488106628542158e-01 1.000000000000000000e+00
1.423469521870593113e-01 -9.598545416197979963e-01 4.555571533106718696e-01 1.033826059134209108e-01 -1.114929446419532288e+00 -8.806861399547805114e-02 -5.569102004384894888e-01 3.509969965363662903e-01 1.000000000000000000e+00
1.493055922861157292e-01 -9.550670630566943098e-01 4.673758298841077519e-01 1.075287961811494941e-01 -1.105511446003766274e+00 -9.300178732026537221e-02 -5.449013489769162222e-01 3.637326409434439856e-01 1.000000000000000000e+00
1.557511301135719728e-01 -9.505538089283450676e-01 4.795607663062697590e-01 1.118254423213886212e-01 -1.095041196835982777e+00 -9.786654693749309575e-02 -5.323354243812306041e-01 3.765574127290516326e-01 1.000000000000000000e+00
1.616697917969381615e-01 -9.463168624511938409e-01 4.921170614030832002e-01 1.162679616491804901e-01 -1.083505834787981126e+00 -1.026575861426535230e-01 -5.192127439843997605e-01 3.894734627792947323e-01 1.000000000000000000e+00
1.670464373949025749e-01 -9.423584367844201060e-01 5.050520583792199591e-01 1.208521234123999671e-01 -1.070890633833913252e+00 -1.073699498449739859e-01 -5.055324933394708120e-01 4.024834843219878278e-01 1.000000000000000000e+00
1.718643934001571616e-01 -9.386808698826695219e-01 5.183755716725091389e-01 1.255741038829878142e-01 -1.057178693742002684e+00 -1.119990650776262614e-01 -4.912925192307143196e-01 4.155907830008510051e-01 1.000000000000000000e+00
1.761052472087643317e-01 -9.352866196161343515e-01 5.321001561915092992e-01 1.304305428644247644e-01 -1.042350575425529113e+00 -1.165407710161399102e-01 -4.764890953132243090e-01 4.287993589361823732e-01 1.000000000000000000e+00
1.797485954096794403e-01 -9.321782586790963165e-01 5.462414285796844959e-01 1.354186031436740711e-01 -1.026383872833108946e+00 -1.209913494578219312e-01 -4.611166540393090152e-01 4.421140033596547281e-01 1.000000000000000000e+00
1.827717354830975527e-01 -9.293584686035603060e-01 5.608184529519155692e-01 1.405360347805075238e-01 -1.009252706928246868e+00 -1.253475572333232479e-01 -4.451674772405233571e-01 4.555404135279769173e-01 1.000000000000000000e+00
1.851492873325567834e-01 -9.268300317551561029e-01 5.758542073237311598e-01 1.457812468005433293e-01 -9.909271229569602824e-01 -1.296066624080954299e-01 -4.286313347669352125e-01 4.690853304704682980e-01 1.000000000000000000e+00
1.868527268550842502e-01 -9.245958196565480236e-01 5.913761520458004073e-01 1.511533896350612527e-01 -9.713723662196492858e-01 -1.337664868600335344e-01 -4.114950574160360919e-01 4.827567057248881577e-01 1.000000000000000000e+00
1.878498079099244489e-01 -9.226587751716865959e-01 6.074169285651985772e-01 1.566524527439810410e-01 -9.505480033633584291e-01 -1.378254587525191699e-01 -3.937420257921623867e-01 4.965639053077873788e-01 1.000000000000000000e+00
1.881038408645690219e-01 -9.210218848494337029e-01 6.240152265507458162e-01 1.622793835254760786e-01 -9.284068447981037586e-01 -1.417826797132332728e-01 -3.753515499786571064e-01 5.105179618568278510e-01 1.000000000000000000e+00
1.875727843400341321e-01 -9.196881359434067038e-01 6.412168712410414306e-01 1.680362357670123485e-01 -9.048936075990640093e-01 -1.456380135146978783e-01 -3.562981062068010796e-01 5.246318902546274199e-01 1.000000000000000000e+00
1.862080900393448812e-01 -9.186604498032256982e-01 6.590762027043812754e-01 1.739263593198865088e-01 -8.799432348972726636e-01 -1.493922058653586460e-01 -3.365503832583545130e-01 5.389210878183740006e-01 1.000000000000000000e+00
1.839532159603985695e-01 -9.179415789746582233e-01 6.776578478365744562e-01 1.799546477070850803e-01 -8.534787533584290431e-01 -1.530470492704502639e-01 -3.160700720734876401e-01 5.534038489789883108e-01 1.000000000000000000e+00
1.807416863618780123e-01 -9.175339483961449938e-01 6.970390296516519868e-01 1.861278680411425357e-01 -8.254084986284948577e-01 -1.566056136481165095e-01 -2.948103032462708883e-01 5.681020378382930502e-01 0.000000000000000000e+00
