9.852582491002978213e-04 -3.885468160733581170e-04 7.427184195257722620e-04 2.770089199766517449e-04 -1.540442658636719031e+00 8.881766037084162270e-04 1.776926401071249849e-04 -3.824864793568849390e-04 0.000000000000000000e+00
-3.665316456592644830e-03 -2.419468705293686614e-02 7.107332275252511815e-03 6.105755525481259237e-03 -1.535371322396148486e+00 -2.196271712483572648e-03 -1.858318262895258116e-02 1.386552647603871667e-03 0.000000000000000000e+00
-8.510840666724240472e-03 -4.814276260783286604e-02 1.375924573740808406e-02 1.198497377653145665e-02 -1.529313879218651362e+00 -5.271960909453702465e-03 -3.656770786680229451e-02 3.208343834039040308e-03 0.000000000000000000e+00
-1.356716769804033364e-02 -7.220419995349078301e-02 2.070893153733009001e-02 1.791289566384166032e-02 -1.522282150271443202e+00 -8.333946329470071079e-03 -5.376358316946383553e-02 5.086393609639113314e-03 0.000000000000000000e+00
-1.885019866536584085e-02 -9.635157131759147786e-02 2.796743617654961350e-02 2.388779210205317291e-02 -1.514288217504442979e+00 -1.137708008294993113e-02 -7.016022685147223215e-02 7.024516799081001635e-03 0.000000000000000000e+00
-2.437580945946167879e-02 -1.205586544747043326e-01 3.554640344549204328e-02 2.990791925669937512e-02 -1.505344360955867433e+00 -1.439604282362194621e-02 -8.574876816540884239e-02 9.026851263028419156e-03 0.000000000000000000e+00
-3.015982066333917563e-02 -1.448005153660660294e-01 4.345808193825572568e-02 3.597146617420106385e-02 -1.495462924629654689e+00 -1.738535965373850731e-02 -1.005220001637921606e-01 1.109784553861339722e-02 0.000000000000000000e+00
-3.621797698485882538e-02 -1.690535754432371252e-01 5.171532906141114438e-02 4.207650502809073823e-02 -1.484656175264690958e+00 -2.033941620156939217e-02 -1.144743074986573628e-01 1.324224324980272441e-02 0.000000000000000000e+00
-4.256593781169180912e-02 -1.932956640441358398e-01 6.033161324315737539e-02 4.822094611669784647e-02 -1.472936155994169605e+00 -2.325247489755193769e-02 -1.276015715889844138e-01 1.546506466739519872e-02 0.000000000000000000e+00
-4.921928029483929601e-02 -2.175060564350254078e-01 6.932101645711738480e-02 5.440249936164256311e-02 -1.460314536646712957e+00 -2.611869131797152355e-02 -1.399010558604582843e-01 1.777158594801420827e-02 0.000000000000000000e+00
-5.619351612324310213e-02 -2.416654984388381666e-01 7.869823936472730708e-02 6.061864373577069420e-02 -1.446802462100591047e+00 -2.893213050043991208e-02 -1.513712738224622656e-01 2.016731662892747023e-02 0.000000000000000000e+00
-6.350412299846498743e-02 -2.657562187607830362e-01 8.847861164702580661e-02 6.686660561044645290e-02 -1.432410399738911488e+00 -3.168678304199570861e-02 -1.620118427418712759e-01 2.265797603722055978e-02 0.000000000000000000e+00
-7.116659168413450032e-02 -2.897619302566651345e-01 9.867811024112771445e-02 7.314334663063457032e-02 -1.417147986637030455e+00 -3.437658079829886831e-02 -1.718233255139847149e-01 2.524946929156375239e-02 0.000000000000000000e+00
-7.919648944288458503e-02 -3.136678214530035924e-01 1.093133883364690584e-01 7.944556134857984342e-02 -1.401023876673172852e+00 -3.699541199760365134e-02 -1.808070630823277736e-01 2.794786358541574700e-02 0.000000000000000000e+00
-8.760954069532282673e-02 -3.374605396240701882e-01 1.204018181526894243e-01 8.576968447428277853e-02 -1.384045587297093149e+00 -3.953713555579013023e-02 -1.889649994394750343e-01 3.075936546065526425e-02 0.000000000000000000e+00
-1.075138814029427542e-01 -3.525144998102120453e-01 1.221608515072061252e-01 9.120824192564074007e-02 -1.351681992969317569e+00 -3.450346868115031218e-02 -1.727664082454415662e-01 1.958654698164117094e-02 0.000000000000000000e+00
-1.278108107397725735e-01 -3.678365913251188113e-01 1.247339922669267465e-01 9.709894726651337182e-02 -1.318485635846620818e+00 -2.986165122504757727e-02 -1.561662698466435850e-01 8.525676911319408219e-03 0.000000000000000000e+00
-1.485461338780335316e-01 -3.834105059292428064e-01 1.281648351187109902e-01 1.034374884386465576e-01 -1.284438263354536369e+00 -2.561022913147890587e-02 -1.391450518569584127e-01 -2.422682776188503015e-03 0.000000000000000000e+00
-1.697700121646527061e-01 -3.992185823024315683e-01 1.325013762002492379e-01 1.102204751780628961e-01 -1.249517987868702162e+00 -2.174888425710549619e-02 -1.216810959619911287e-01 -1.325680051703415595e-02 0.000000000000000000e+00
-1.915374650172247117e-01 -4.152415187650118633e-01 1.377966097812600432e-01 1.174456454864308691e-01 -1.213699035166027285e+00 -1.827870719039029201e-02 -1.037504105456070608e-01 -2.397361730669224367e-02 0.000000000000000000e+00
-2.139090817236485864e-01 -4.314580234477026766e-01 1.441092786053709829e-01 1.251120983495777883e-01 -1.176951281744992528e+00 -1.520247889962379230e-02 -8.532632642479440199e-02 -3.456856869471612581e-02 0.000000000000000000e+00
-2.369518935729556797e-01 -4.478443787406005683e-01 1.515047792783001668e-01 1.332205792563816715e-01 -1.139239692330854314e+00 -1.252502180658599668e-02 -6.637908385979129910e-02 -4.503537004253767989e-02 0.000000000000000000e+00
-2.607404494952054175e-01 -4.643738927080450218e-01 1.600562635556022073e-01 1.417738370402131798e-01 -1.100523630813769582e+00 -1.025364448281888656e-02 -4.687533266694331874e-02 -5.536575205857075660e-02 0.000000000000000000e+00
-2.853581529033651365e-01 -4.810161995354166886e-01 1.698459894149422222e-01 1.507770774037331396e-01 -1.060756008777672621e+00 -8.398712575784722870e-03 -2.677752109045806322e-02 -6.554912870897577903e-02 0.000000000000000000e+00
-3.108989377835794099e-01 -4.977363557517819892e-01 1.809669938220861696e-01 1.602385486479765697e-01 -1.019882222717292342e+00 -6.974391055653100108e-03 -6.043140199906066323e-03 -7.557217220849937744e-02 0.000000000000000000e+00
-3.374693912356880876e-01 -5.144936564025940351e-01 1.935251847042379070e-01 1.701703101708730015e-01 -9.778388120000730543e-01 -5.999620781218848939e-03 1.537622210453724707e-02 -8.541825915539567882e-02 0.000000000000000000e+00
-3.651914721508878747e-01 -5.312400615604002674e-01 2.076419863768666496e-01 1.805892575076990247e-01 -9.345517411985048151e-01 -5.499419707380446068e-03 3.753608235316280295e-02 -9.506673569100375365e-02 0.000000000000000000e+00
-3.942060392340913100e-01 -5.479180716798476292e-01 2.234577270942999794e-01 1.915185134989061955e-01 -8.899341671677772903e-01 -5.506640071674616908e-03 6.050061120566572331e-02 -1.044919251676339894e-01 0.000000000000000000e+00
-4.246774987739906360e-01 -5.644578088338235711e-01 2.411360394580289168e-01 2.029893526235880818e-01 -8.438834836380201265e-01 -6.064377697050915388e-03 8.434466881785462888e-02 -1.136617634220561529e-01 0.000000000000000000e+00
-4.246774987739906360e-01 -5.644578088338235711e-01 2.411360394580289168e-01 2.029893526235880818e-01 -8.438834836380201265e-01 -6.064377697050915388e-03 8.434466881785462888e-02 -1.136617634220561529e-01 1.000000000000000000e+00
-3.997811089766635795e-01 -5.637431939827924898e-01 2.338261882627396537e-01 1.939879845423830296e-01 -8.801462105458488505e-01 -5.026711249533812563e-03 5.212860875819566586e-02 -1.034241640598097672e-01 1.000000000000000000e+00
-3.761654021326669151e-01 -5.634628108168977523e-01 2.277483310505426795e-01 1.855799560072566579e-01 -9.148837264797126112e-01 -4.503609081549658083e-03 2.061568982251136065e-02 -9.315707943349085807e-02 1.000000000000000000e+00
-3.537050007859314782e-01 -5.636598365874225802e-01 2.227941539118142855e-01 1.777247872044484811e-01 -9.481700372042503044e-01 -4.440101487416255911e-03 -1.025242157111896923e-02 -8.287862028930900737e-02 1.000000000000000000e+00
-3.322932077584398458e-01 -5.643684445481458312e-01 2.188701843562533278e-01 1.703885006256398160e-01 -9.800681968643687458e-01 -4.790545484093936164e-03 -4.052508784048461377e-02 -7.260201583259348612e-02 1.000000000000000000e+00
-3.118385310271451494e-01 -5.656156596378938417e-01 2.158950964517141746e-01 1.635421190692585847e-01 -1.010632445389748169e+00 -5.516608930798904201e-03 -7.024426731068250662e-02 -6.233684521796583472e-02 1.000000000000000000e+00
-2.922621482038739171e-01 -5.674227308208598108e-01 2.137978005265329662e-01 1.571605587320403508e-01 -1.039909557552414654e+00 -6.585723254139289398e-03 -9.944553796036627313e-02 -5.208985583226317939e-02 1.000000000000000000e+00
-2.734958966767194743e-01 -5.698061638362307280e-01 2.125159113146984358e-01 1.512217806159419087e-01 -1.067939933758115689e+00 -7.969889086245776980e-03 -1.281589213050173537e-01 -4.186557735923399082e-02 1.000000000000000000e+00
-2.554806620336090850e-01 -5.727785060772254688e-01 2.119945086685665614e-01 1.457061277553110545e-01 -1.094758493983680525e+00 -9.644742548667066193e-03 -1.564095508930961886e-01 -3.166678472888802970e-02 1.000000000000000000e+00
-2.381650719757908430e-01 -5.763489487854611681e-01 2.121851264585519758e-01 1.405957985831830792e-01 -1.120395419600078268e+00 -1.158881597058848342e-02 -1.842182227229074709e-01 -2.149485055818359594e-02 1.000000000000000000e+00
-2.215044276680506463e-01 -5.805237932023361580e-01 2.130449214864233998e-01 1.358744217256996623e-01 -1.144876776231533277e+00 -1.378294603281620019e-02 -2.116018531397497737e-01 -1.135001535636539181e-02 1.000000000000000000e+00
-2.054598216879164330e-01 -5.853068147276760946e-01 2.145359858639137030e-01 1.315267072341990418e-01 -1.168225042569732697e+00 -1.620979505690200995e-02 -2.385738642843754920e-01 -1.231595713504929444e-03 1.000000000000000000e+00
-1.899974040906750317e-01 -5.906995503626313315e-01 2.166247746250554440e-01 1.275381562561789250e-01 -1.190459564058457209e+00 -1.885346028197074780e-02 -2.651445125806020098e-01 8.861854570006552981e-03 1.000000000000000000e+00
-1.750877671288227633e-01 -5.967015284568971678e-01 2.192816266338290521e-01 1.238948158835077584e-01 -1.211596945963469896e+00 -2.169915247588731499e-02 -2.913211723886541260e-01 1.893241949415801553e-02 1.000000000000000000e+00
-1.607054258070656216e-01 -6.033104552961401357e-01 2.224803615028814741e-01 1.205830693556917133e-01 -1.231651397041958029e+00 -2.473292995086844720e-02 -3.171085844045261615e-01 2.898272384102067514e-02 1.000000000000000000e+00
-1.468283763895646965e-01 -6.105223698239162777e-01 2.261979385918433394e-01 1.175894544696974714e-01 -1.250635032505022837e+00 -2.794147756122311935e-02 -3.425090763391491211e-01 3.901585765962955338e-02 1.000000000000000000e+00
-1.334377187706500545e-01 -6.183317753182066001e-01 2.304141671045980555e-01 1.149005045562190158e-01 -1.268558143075618094e+00 -3.131192274264955888e-02 -3.675227620148478480e-01 4.903531776436085426e-02 1.000000000000000000e+00
-1.205173314368825077e-01 -6.267317550815960647e-01 2.351114580758882633e-01 1.125026080708645543e-01 -1.285429435414051413e+00 -3.483168262548864275e-02 -3.921477236529468113e-01 5.904496229272584995e-02 1.000000000000000000e+00
-1.080535899975869213e-01 -6.357140777741484561e-01 2.402746108591347907e-01 1.103818836048459651e-01 -1.301256248031905649e+00 -3.848833759914863095e-02 -4.163801812515762757e-01 6.904897559715372779e-02 1.000000000000000000e+00
-9.603512198010898115e-02 -6.452692969514558508e-01 2.458906279370042802e-01 1.085240679364555400e-01 -1.316044745874325406e+00 -4.226952775825814496e-02 -4.402146521222874420e-01 7.905184127382815229e-02 1.000000000000000000e+00
-8.445259193341210502e-02 -6.553868485373163244e-01 2.519485527132617197e-01 1.069144154967173188e-01 -1.329800095994726039e+00 -4.616286944829761651e-02 -4.636441028882947180e-01 8.905832135370053693e-02 1.000000000000000000e+00
-7.329851201488037094e-02 -6.660551492250894601e-01 2.584393260246025670e-01 1.055376077396074364e-01 -1.342526626174268989e+00 -5.015588960186898732e-02 -4.866600958242877639e-01 9.907344055073137590e-02 1.000000000000000000e+00
-6.256707409152299781e-02 -6.772616982652372997e-01 2.653556575246978633e-01 1.043776715015619083e-01 -1.354227967844114033e+00 -5.423597597484876298e-02 -5.092529307955543372e-01 1.091024743650875206e-01 1.000000000000000000e+00
-5.225400013488150364e-02 -6.889931845933120469e-01 2.726919087695762189e-01 1.034179055208719333e-01 -1.364907184303922882e+00 -5.839034159368228227e-02 -5.314117837051385296e-01 1.191509403323374183e-01 1.000000000000000000e+00
-4.235640829458407752e-02 -7.012356008462644619e-01 2.804439852225468766e-01 1.026408145404955757e-01 -1.374566884934794952e+00 -6.260600184745114538e-02 -5.531248419291932006e-01 1.292245917850435855e-01 1.000000000000000000e+00
-3.287269256203950718e-02 -7.139743654466963463e-01 2.886092349258568834e-01 1.020280503823818852e-01 -1.383209325886803231e+00 -6.686976270140132517e-02 -5.743794370107263569e-01 1.393294139153184452e-01 1.000000000000000000e+00
-2.380241441040237618e-02 -7.271944536042656004e-01 2.971863519018810296e-01 1.015603595291895422e-01 -1.390836497576261932e+00 -7.116821831994867009e-02 -5.951621742967024842e-01 1.494716217401237668e-01 1.000000000000000000e+00
-1.514620505334408201e-02 -7.408805379352196852e-01 3.061752826534425709e-01 1.012175366532923060e-01 -1.397450199137061810e+00 -7.548775698554373303e-02 -6.154590600608201845e-01 1.596576606617099992e-01 1.000000000000000000e+00
-6.905677523652649710e-03 -7.550171390098687763e-01 3.155771341887712578e-01 1.009783840405541339e-01 -1.403052100038461925e+00 -7.981457294013073744e-02 -6.352556244205969094e-01 1.698942082737089354e-01 1.000000000000000000e+00
9.166520018683457609e-04 -7.695887859944531284e-01 3.253940834530791304e-01 1.008206753119093302e-01 -1.407643788983238942e+00 -8.413468235852461508e-02 -6.545370401363331814e-01 1.801881792039485009e-01 1.000000000000000000e+00
8.317434101646531755e-03 -7.845801876357193505e-01 3.356292867477218000e-01 1.007211234750220036e-01 -1.411226810116414709e+00 -8.843394193796060010e-02 -6.732882368621601055e-01 1.905467327218560991e-01 1.000000000000000000e+00
1.529254720241895668e-02 -7.999764135093403450e-01 3.462867892297700756e-01 1.006553519706240296e-01 -1.413802686729438873e+00 -9.269806746370236328e-02 -6.914940095561739053e-01 2.009772835754120024e-01 1.000000000000000000e+00
2.183714980867308350e-02 -8.157630856377904305e-01 3.573714342055656634e-01 1.005978677634322832e-01 -1.415372932568160769e+00 -9.691265033736611023e-02 -7.091391205433015266e-01 2.114875166290358932e-01 1.000000000000000000e+00
2.794572352934814388e-02 -8.319265805572841899e-01 3.688887726358597852e-01 1.005220348375553269e-01 -1.415939050931188214e+00 -1.010631695271760611e-01 -7.262083943027362043e-01 2.220854060966606924e-01 1.000000000000000000e+00
3.361210647672290691e-02 -8.484542421439266180e-01 3.808449731204755495e-01 1.004000465365448846e-01 -1.415502521730735097e+00 -1.051349965392669589e-01 -7.426868042590606400e-01 2.327792400122521699e-01 1.000000000000000000e+00
3.882951646387731298e-02 -8.653346057357820253e-01 3.932467329369969677e-01 1.002028947224773564e-01 -1.414064776703917614e+00 -1.091133908045145429e-01 -7.585595507944741245e-01 2.435776507319607764e-01 1.000000000000000000e+00
4.359056333340616957e-02 -8.825576344457514155e-01 4.061011908515784752e-01 9.990033331928334370e-02 -1.411627162938939195e+00 -1.129834827666117425e-01 -7.738121297237926521e-01 2.544896523773880759e-01 1.000000000000000000e+00
5.284504137494739490e-02 -8.770375910532706154e-01 4.178451836567079747e-01 1.045122392237662345e-01 -1.403787231168219352e+00 -1.191075966122551316e-01 -7.622467231783580655e-01 2.675122955467156283e-01 1.000000000000000000e+00
6.168632982904645456e-02 -8.717514922409435041e-01 4.298261498784561319e-01 1.092378078014953069e-01 -1.394973633477150976e+00 -1.251302021269632414e-01 -7.501402953672665630e-01 2.806150756778770794e-01 1.000000000000000000e+00
7.010442278694092866e-02 -8.667029143701746596e-01 4.420404162205137655e-01 1.140686087250694647e-01 -1.385183895164854517e+00 -1.310428282339843320e-01 -7.375020592046307444e-01 2.937973139843589321e-01 1.000000000000000000e+00
7.808889801215461446e-02 -8.618955979697521252e-01 4.544855088747764560e-01 1.189966950909000093e-01 -1.374414972895986464e+00 -1.368375506480827009e-01 -7.243409002229155291e-01 3.070586158222547990e-01 1.000000000000000000e+00
8.562890830046716861e-02 -8.573333942310147338e-01 4.671601990000376903e-01 1.240146422780779578e-01 -1.362663159046262340e+00 -1.425070266513993045e-01 -7.106652501965646795e-01 3.203988832516964091e-01 1.000000000000000000e+00
9.271313805662111107e-02 -8.530202472842224326e-01 4.800645988919849394e-01 1.291155799044279573e-01 -1.349923910520474557e+00 -1.480445203838963442e-01 -6.964829375258050348e-01 3.338183503444555056e-01 1.000000000000000000e+00
9.932974655762681626e-02 -8.489601793021616105e-01 4.932002690895983532e-01 1.342932176357177210e-01 -1.336191658823521866e+00 -1.534439211375257239e-01 -6.818010301902630577e-01 3.473176222855421935e-01 1.000000000000000000e+00
1.054662960695432472e-01 -8.451572788509096323e-01 5.065703382839219504e-01 1.395418655188594981e-01 -1.321459599010831099e+00 -1.586997549018450415e-01 -6.666256706629232198e-01 3.608977191535995277e-01 1.000000000000000000e+00
1.111096625946919603e-01 -8.416156928428277784e-01 5.201796384408940987e-01 1.448564496801102719e-01 -1.305719454430921189e+00 -1.638071895197252825e-01 -6.509619014915625224e-01 3.745601253413272658e-01 1.000000000000000000e+00
1.162459265447112061e-01 -8.383396224002622743e-01 5.340348582111776876e-01 1.502325243891154127e-01 -1.288961213256889060e+00 -1.687620339626185739e-01 -6.348134796045882267e-01 3.883068457253031069e-01 1.000000000000000000e+00
1.208602400253928066e-01 -8.353333229132428039e-01 5.481447185761048058e-01 1.556662815635841690e-01 -1.271172831626204536e+00 -1.735607324405174234e-01 -6.181826768805649408e-01 4.021404700490265327e-01 1.000000000000000000e+00
1.249366665842890078e-01 -8.326011085099439546e-01 5.625201757370082989e-01 1.611545589890296115e-01 -1.252339896743928538e+00 -1.782003541611975883e-01 -6.010700633679246785e-01 4.160642471750994886e-01 1.000000000000000000e+00
1.284579882111432370e-01 -8.301473611291227961e-01 5.771746576629458447e-01 1.666948486289211440e-01 -1.232445241391771695e+00 -1.826785797536694678e-01 -5.834742685864929834e-01 4.300821713820820458e-01 1.000000000000000000e+00
1.314054729578807146e-01 -8.279765443300429739e-01 5.921243425090427781e-01 1.722853065854728638e-01 -1.211468498824089135e+00 -1.869936855321682745e-01 -5.653917148660679848e-01 4.441990834379405118e-01 1.000000000000000000e+00
1.337585946498169032e-01 -8.260932219072474325e-01 6.073884894378969168e-01 1.779247665593773342e-01 -1.189385583810663505e+00 -1.911445269470926633e-01 -5.468163146588586043e-01 4.584207898483581012e-01 1.000000000000000000e+00
1.354946936379409772e-01 -8.245020813173475904e-01 6.229898355376387586e-01 1.836127588832398017e-01 -1.166168081282265678e+00 -1.951305228677152337e-01 -5.277391216005508090e-01 4.727542048782081285e-01 1.000000000000000000e+00
1.365885640954658253e-01 -8.232079617991207021e-01 6.389550766738225640e-01 1.893495377183219974e-01 -1.141782518282492331e+00 -1.989516426249746672e-01 -5.081479216341463490e-01 4.872075212289662116e-01 1.000000000000000000e+00
1.370119486552991428e-01 -8.222158869036367834e-01 6.553154558111456973e-01 1.951361196227260897e-01 -1.116189487062282160e+00 -2.026083982093433156e-01 -4.880267461780219973e-01 5.017904172354659131e-01 1.000000000000000000e+00
1.367329146432407494e-01 -8.215311008850464392e-01 6.721074902216391811e-01 2.009743375968185419e-01 -1.089342576265295071e+00 -2.061018446782430791e-01 -4.673552833302434539e-01 5.165143112038821371e-01 1.000000000000000000e+00
1.357150769376019028e-01 -8.211591079652148517e-01 6.893738800353744756e-01 2.068669160825681030e-01 -1.061187051843069495e+00 -2.094335927771112660e-01 -4.461081545573136187e-01 5.313926773218923261e-01 1.000000000000000000e+00
1.339166192757204055e-01 -8.211057127744801898e-01 7.071646564026139448e-01 2.128175743681116894e-01 -1.031658207417137207e+00 -2.126058392280440190e-01 -4.242540122705392713e-01 5.464414431537788497e-01 1.000000000000000000e+00
1.312890465537473461e-01 -8.213770590845731467e-01 7.255386505424156196e-01 2.188311688674852429e-01 -1.000679271833469608e+00 -2.156214223388104589e-01 -4.017543960280556825e-01 5.616794968333347349e-01 1.000000000000000000e+00
1.277755719742849905e-01 -8.219796619577666164e-01 7.445653991844953801e-01 2.249138893303316844e-01 -9.681587140302984063e-01 -2.184839140175386940e-01 -3.785622589152422557e-01 5.771293442488680814e-01 1.000000000000000000e+00
1.233089992040538735e-01 -8.229204250358000960e-01 7.643276539622493315e-01 2.310735312540957431e-01 -9.339867127544178027e-01 -2.211977647196209651e-01 -3.546200356601941772e-01 5.928179750822974992e-01 0.000000000000000000e+00
