-8.692923001945088157e-06 7.117937724106014694e-04 -6.570918760262429211e-04 -9.843034171499313086e-04 -1.539716861431486894e+00 3.386731073260307139e-04 8.359106164425610976e-04 3.079629740677773415e-04 0.000000000000000000e+00
-4.183561900261661796e-03 -2.470545832461459521e-02 7.351344589121606640e-03 7.356888373342780965e-03 -1.530499285209935945e+00 -4.823623902305305099e-03 -1.547390504031736017e-02 2.579883147007463323e-03 0.000000000000000000e+00
-8.645341659667878445e-03 -5.016911096251341906e-02 1.568153170302070964e-02 1.570300942440122985e-02 -1.520203822935252358e+00 -9.865415246406772365e-03 -3.087234499507102159e-02 4.820798152308583551e-03 0.000000000000000000e+00
-1.341516951015682066e-02 -7.564936390801538235e-02 2.434854108584677546e-02 2.405433035142939477e-02 -1.508846697570943807e+00 -1.478580485020786553e-02 -4.535138252069747383e-02 7.039585603046675209e-03 0.000000000000000000e+00
-1.851374249047732165e-02 -1.011182504458674608e-01 3.336825219895793448e-02 3.241130282148346059e-02 -1.496443855407728618e+00 -1.958361577307916185e-02 -5.890515864370055032e-02 9.245386505557515525e-03 0.000000000000000000e+00
-2.396129285992974409e-02 -1.265496201323247638e-01 4.275738834886842060e-02 4.077444418626909733e-02 -1.483010832460252004e+00 -2.425744458935929007e-02 -7.152981792389408178e-02 1.144762361584803281e-02 0.000000000000000000e+00
-2.977762461506857500e-02 -1.519191675946161557e-01 5.253352653625414231e-02 4.914424845690958804e-02 -1.468562531558908812e+00 -2.880569053551192485e-02 -8.322331663957642511e-02 1.365596321557513079e-02 0.000000000000000000e+00
-3.598216949881043875e-02 -1.772044398441835755e-01 6.271511070884913663e-02 5.752111173954545242e-02 -1.453112999552269136e+00 -3.322658387411540210e-02 -9.398520829396034282e-02 1.588027694608406745e-02 0.000000000000000000e+00
-4.259406361544376685e-02 -2.023848243508436506e-01 7.332147239379127601e-02 6.590527385092877222e-02 -1.436675205672426792e+00 -3.751821381626960911e-02 -1.038164110035767057e-01 1.813060469623669138e-02 0.000000000000000000e+00
-4.963224561720146200e-02 -2.274415201945571841e-01 8.437286295632671906e-02 7.429677712497634312e-02 -1.419260821350065704e+00 -4.167855628395331080e-02 -1.127189608972128526e-01 2.041711955605210807e-02 0.000000000000000000e+00
-5.711557740995262117e-02 -2.523574945505884237e-01 9.589050195512617558e-02 8.269544277752254036e-02 -1.400880000966181260e+00 -4.570550176478566790e-02 -1.206957550545991187e-01 2.275009585092136258e-02 0.000000000000000000e+00
-6.506298844651943469e-02 -2.771174265923111446e-01 1.078966462666507004e-01 9.110086465789254961e-02 -1.381541162195666361e+00 -4.959688352669341938e-02 -1.277502867754964078e-01 2.513988126265396736e-02 0.000000000000000000e+00
-7.349364495169387335e-02 -3.017076406305904124e-01 1.204146848821930210e-01 9.951241980208394566e-02 -1.361250763730772473e+00 -5.335050651397265503e-02 -1.338863751245569778e-01 2.759687403490967972e-02 0.000000000000000000e+00
-8.242714588626942618e-02 -3.261160299524005213e-01 1.334692646445113096e-01 1.079292948822310888e-01 -1.340013077263799701e+00 -5.696417728454385848e-02 -1.391078897920786372e-01 3.013150628890944732e-02 0.000000000000000000e+00
-9.188374808955872275e-02 -3.503319724115903089e-01 1.470864526305874220e-01 1.163505275233427949e-01 -1.317829949606504014e+00 -6.043573550772371461e-02 -1.434184712938020578e-01 3.275423450113552903e-02 0.000000000000000000e+00
-1.018846239288289102e-01 -3.743462383283301387e-01 1.612939416312984264e-01 1.247750613995915608e-01 -1.294700549716421456e+00 -6.376308764588203837e-02 -1.468212454856307747e-01 3.547553830565092908e-02 0.000000000000000000e+00
-1.124521559218048666e-01 -3.981508907027672128e-01 1.761213061528825730e-01 1.332018141639223496e-01 -1.270621094093871584e+00 -6.694424368433349315e-02 -1.493185301888060867e-01 3.830592892383514331e-02 0.000000000000000000e+00
-1.236102742818278588e-01 -4.217391771098065179e-01 1.916003177501646448e-01 1.416297575508982109e-01 -1.245584542436981801e+00 -6.997735808012169045e-02 -1.509115304132576385e-01 4.125596874729177410e-02 0.000000000000000000e+00
-1.451929630327060128e-01 -4.388742234070345805e-01 2.002592256829761885e-01 1.504611365340305096e-01 -1.207445191313503141e+00 -6.744163084257159824e-02 -1.326043941361771950e-01 3.264602607467542023e-02 0.000000000000000000e+00
-1.674138303105457415e-01 -4.560401497609675725e-01 2.099874661658479302e-01 1.596433703954253103e-01 -1.168378449259482865e+00 -6.522717748672328397e-02 -1.137197235857123068e-01 2.419132758393789662e-02 0.000000000000000000e+00
-1.903425933408266213e-01 -4.732159725193298971e-01 2.208547226749593972e-01 1.691793566955466233e-01 -1.128332853070286301e+00 -6.334054163147967431e-02 -9.422431437498295093e-02 1.590064668429664457e-02 0.000000000000000000e+00
-2.140575768083008423e-01 -4.903775467771399610e-01 2.329400790988943870e-01 1.790746812164146218e-01 -1.087248674368109791e+00 -6.179136228700229244e-02 -7.407979301644966597e-02 7.785135431871305529e-03 0.000000000000000000e+00
-2.386474256644317837e-01 -5.074967213035433966e-01 2.463338476768842933e-01 1.893382310847561978e-01 -1.045056555377843699e+00 -6.059314583952640776e-02 -5.324175325655773616e-02 -1.412193145288477547e-04 0.000000000000000000e+00
-2.642134061309069359e-01 -5.245402122462177186e-01 2.611399191234073380e-01 1.999830106757644332e-01 -1.001675582448666058e+00 -5.976425343903167542e-02 -3.165852202626485978e-02 -7.861002262790324838e-03 0.000000000000000000e+00
-2.908723866109814149e-01 -5.414680775180438221e-01 2.774787840927878113e-01 2.110272437116548494e-01 -9.570107832432260819e-01 -5.932923194791122484e-02 -9.269565337700312602e-03 -1.535256321882720425e-02 0.000000000000000000e+00
-3.187607587435546397e-01 -5.582316156944486796e-01 2.954914737962709426e-01 2.224958883651917685e-01 -9.109498206201447346e-01 -5.932063376907269203e-02 1.399660640487199355e-02 -2.258890512408422493e-02 0.000000000000000000e+00
-3.480396864975447424e-01 -5.747704182437524123e-01 3.153447854959657293e-01 2.344227622374839282e-01 -8.633585409919246612e-01 -5.978154753286785833e-02 3.822524450086964287e-02 -2.953612496695369807e-02 0.000000000000000000e+00
-3.789022779833376431e-01 -5.910081456518629928e-01 3.372383478916384791e-01 2.468535914752486016e-01 -8.140748465460619920e-01 -6.076918827950428953e-02 6.351920462516068289e-02 -3.615118514452916182e-02 0.000000000000000000e+00
-4.115836216812045478e-01 -6.068463247670955463e-01 3.614143960213723750e-01 2.598505022335003134e-01 -7.629000419165615776e-01 -6.236011294084005396e-02 9.000434393279332923e-02 -4.237865480624289360e-02 0.000000000000000000e+00
-4.463752358156930500e-01 -6.221549726619881593e-01 3.881716701509232981e-01 2.734988413972604948e-01 -7.095862447534162509e-01 -6.465801458980666161e-02 1.178373280759099639e-01 -4.814581519720320668e-02 0.000000000000000000e+00
-4.836465941911331501e-01 -6.367579214111589447e-01 4.178858428315728735e-01 2.879179130545941878e-01 -6.538174155352820538e-01 -6.780577598096186598e-02 1.472173231862895781e-01 -5.335506506832320833e-02 0.000000000000000000e+00
-5.235987755982988157e-01 -6.506905795892943267e-01 4.508555767735555886e-01 3.030726342849175414e-01 -5.949168596643739093e-01 -7.187694059249512268e-02 1.785204095509146383e-01 -5.784807585352646359e-02 0.000000000000000000e+00
-5.235987755982988157e-01 -7.108603245980070762e-01 4.570202825306714511e-01 2.958063675024376615e-01 -4.867053091462150149e-01 -4.850728979729360818e-02 2.328451069952253427e-01 -5.618175302469038263e-02 0.000000000000000000e+00
-5.235987755982988157e-01 -7.838792507940659515e-01 4.702470469720722579e-01 2.645041030594656450e-01 -3.491024216781475897e-01 -4.200373643141672164e-02 3.039292895885187251e-01 -6.045227173656567837e-02 0.000000000000000000e+00
-5.235987755982988157e-01 -7.838792507940659515e-01 4.702470469720722579e-01 2.645041030594656450e-01 -3.491024216781475897e-01 -4.200373643141672164e-02 3.039292895885187251e-01 -6.045227173656567837e-02 1.000000000000000000e+00
-4.717074911417739047e-01 -7.908513300572860283e-01 4.334070678580168590e-01 2.451246806278667978e-01 -3.983726995819381611e-01 -2.952425653039951817e-02 2.635353422266639156e-01 -5.649818012961251024e-02 1.000000000000000000e+00
-4.244528013749597761e-01 -7.957420986248349148e-01 4.007978618871759213e-01 2.277116593516443355e-01 -4.451139353195073811e-01 -1.934890898357006714e-02 2.247672716345323063e-01 -5.142275883017617677e-02 1.000000000000000000e+00
-3.810614783974052289e-01 -7.992152623566540770e-01 3.717925962455833622e-01 2.118414751028768195e-01 -4.896305290392722886e-01 -1.096432167910747074e-02 1.873919137485002828e-01 -4.551198531901214095e-02 1.000000000000000000e+00
-3.409571689737726508e-01 -8.017335064138255696e-01 3.459084283184815090e-01 1.972277435695237446e-01 -5.321426792583594523e-01 -4.010116924355111752e-03 1.512341105177910927e-01 -3.896631735678524749e-02 1.000000000000000000e+00
-3.036906544655343931e-01 -8.036326699157284592e-01 3.227583348754079484e-01 1.836675466690426972e-01 -5.728197791564773045e-01 1.777160335149786463e-03 1.161555201999674991e-01 -3.193180001838174381e-02 1.000000000000000000e+00
-2.689027434403770123e-01 -8.051635417585184529e-01 3.020254623711699504e-01 1.710126022879981111e-01 -6.117955191880032340e-01 6.595289706124624757e-03 8.204452226146934091e-02 -2.451717742241625239e-02 1.000000000000000000e+00
-2.363004010440949709e-01 -8.065176033194373373e-01 2.834460808153621003e-01 1.591516769440592116e-01 -6.491777965039501330e-01 1.059598501615264740e-02 4.880946696129070256e-02 -1.680481958642589257e-02 1.000000000000000000e+00
-2.056407015955322160e-01 -8.078436427769650763e-01 2.667977781177369723e-01 1.479994038437897896e-01 -6.850553537349958200e-01 1.389774495949407281e-02 1.637405033665888937e-02 -8.857968074539604442e-03 1.000000000000000000e+00
-1.767196319987565101e-01 -8.092588952665409341e-01 2.518909912289999942e-01 1.374889237888484994e-01 -7.195023299003572292e-01 1.659457655418921512e-02 -1.532593500760364748e-02 -7.256927663240353736e-04 1.000000000000000000e+00
-1.493640306126311490e-01 -8.108567514677473831e-01 2.385627484958272315e-01 1.275668973957776731e-01 -7.525814541278647019e-01 1.876209156810761461e-02 -4.634493866422489949e-02 7.553627853710178329e-03 1.000000000000000000e+00
-1.234256270716685699e-01 -8.127122334383379831e-01 2.266719299013810196e-01 1.181900367380718103e-01 -7.843463400760182225e-01 2.046187188331413664e-02 -7.672937497091111836e-02 1.594980873252603917e-02 1.000000000000000000e+00
-9.877653450701057158e-02 -8.148859712412479528e-01 2.160956018874505835e-01 1.093226377617831091e-01 -8.148431728291165577e-01 2.174466054146509050e-02 -1.065189195439690817e-01 2.443903142258532779e-02 1.000000000000000000e+00
-7.530577351555485521e-02 -8.174271455511019635e-01 2.067261335530341526e-01 1.009347878920359015e-01 -8.441119774665283293e-01 2.265273630399804866e-02 -1.357475047537160806e-01 3.300248597295065561e-02 1.000000000000000000e+00
-5.291654653418927101e-02 -8.203757006183238776e-01 1.984688942802896316e-01 9.300103864165855383e-02 -8.721875940880411404e-01 2.322170845279330001e-02 -1.644440987703421342e-01 4.162534696589591937e-02 1.000000000000000000e+00
-3.152406942929762007e-02 -8.237640321455987902e-01 1.912403926468093096e-01 8.549940453804684426e-02 -8.991004430437864459e-01 2.348189239358498825e-02 -1.926333257765510398e-01 5.029599160215961900e-02 1.000000000000000000e+00
-1.105382431943139482e-02 -8.276182909250630049e-01 1.849667559487700175e-01 7.841059476494188774e-02 -9.248771374691912017e-01 2.345937728467014857e-02 -2.203359681080903076e-01 5.900539605134827448e-02 1.000000000000000000e+00
8.559864056634350349e-03 -8.319594012247782944e-01 1.795824764467295331e-01 7.171741329722343405e-02 -9.495409827255819613e-01 2.317686422075851405e-02 -2.475693790735449817e-01 6.774666474703427976e-02 1.000000000000000000e+00
2.737499998957712566e-02 -8.368038648389272138e-01 1.750293690941799318e-01 6.540428257595962136e-02 -9.731123906261771594e-01 2.265433134579163815e-02 -2.743478274567633379e-01 7.651466021873076784e-02 1.000000000000000000e+00
4.544288986717280598e-02 -8.421644025328306471e-01 1.712556984879963495e-01 5.945685911664535389e-02 -9.956092283149634570e-01 2.190956665705566866e-02 -3.006827895571004272e-01 8.530570969195097608e-02 1.000000000000000000e+00
6.280895688342819083e-02 -8.480504710361792542e-01 1.682154427300791011e-01 5.386171802083711269e-02 -1.017047116290311415e+00 2.095859890773388648e-02 -3.265831998718553564e-01 9.411737100348678553e-02 1.000000000000000000e+00
7.951342840819712598e-02 -8.544686843445278290e-01 1.658676685396031636e-01 4.860608998927123253e-02 -1.037439686104301151e+00 1.981604882762777117e-02 -3.520556697252974487e-01 1.029482447305125892e-01 1.000000000000000000e+00
9.559191998087407383e-02 -8.614231611123351895e-01 1.641759975071045430e-01 4.367763858233331825e-02 -1.056798805615304149e+00 1.849541760962925691e-02 -3.771046804699253463e-01 1.117978226902220096e-01 1.000000000000000000e+00
1.110759347872809083e-01 -8.689158149358219285e-01 1.631081472471313520e-01 3.906426879541802927e-02 -1.075134777661980845e+00 1.700932535880183075e-02 -4.017327566366937774e-01 1.206663652320370955e-01 1.000000000000000000e+00
1.259932935455500558e-01 -8.769466005784931628e-01 1.626355344004046521e-01 3.475396016821837020e-02 -1.092456516596747917e+00 1.536970928026818069e-02 -4.259406231816713073e-01 1.295548015920736651e-01 1.000000000000000000e+00
1.403685067726287428e-01 -8.855137264163819300e-01 1.627329286030904099e-01 3.073461968102580294e-02 -1.108771706017100067e+00 1.358798892909778185e-02 -4.497273500988167583e-01 1.384646485461056564e-01 1.000000000000000000e+00
1.542230990272289437e-01 -8.946138412168908038e-01 1.633781488432142770e-01 2.699395033929837678e-02 -1.124086940258906209e+00 1.167520450717384264e-02 -4.730904869550983660e-01 1.473979441599621576e-01 1.000000000000000000e+00
1.675758929841411893e-01 -9.042422017693455549e-01 1.645517946074394333e-01 2.351933306542556765e-02 -1.138407851548979055e+00 9.642132490931053929e-03 -4.960261893318839710e-01 1.563571934446185419e-01 1.000000000000000000e+00
1.804432596994667848e-01 -9.143928265720366877e-01 1.662370058495267477e-01 2.029771961390716348e-02 -1.151739224272807505e+00 7.499382275641962997e-03 -5.185293386919577197e-01 1.653453239000246822e-01 1.000000000000000000e+00
1.928393403040871146e-01 -9.250586397886679801e-01 1.684192466477494876e-01 1.731553498760111248e-02 -1.164085097422361770e+00 5.257476678781993797e-03 -5.405936568347761151e-01 1.743656491881380166e-01 1.000000000000000000e+00
2.047762434340696658e-01 -9.362316088735567199e-01 1.710861080745909868e-01 1.455858849646957977e-02 -1.175448855998926456e+00 2.926918526233419828e-03 -5.622118156890827390e-01 1.834218392932019659e-01 1.000000000000000000e+00
2.162642219280360711e-01 -9.479028786097365433e-01 1.742271268087542124e-01 1.201199239960725959e-02 -1.185833311925325262e+00 5.182453960145292976e-04 -5.833755430570115585e-01 1.925178963403586796e-01 1.000000000000000000e+00
2.273118317049766801e-01 -9.600629037639613061e-01 1.778336161874262966e-01 9.660087946310205037e-03 -1.195240774841572540e+00 -1.957925937102236637e-03 -6.040757244985200947e-01 2.016581348506495952e-01 1.000000000000000000e+00
2.379260751983612865e-01 -9.727015821294506814e-01 1.818985072730374408e-01 7.486378184296180009e-03 -1.203673113021325403e+00 -4.490863735661661249e-03 -6.243025015605278005e-01 2.108471660384448609e-01 1.000000000000000000e+00
2.517761993750228799e-01 -9.637655151854004343e-01 1.877169578017132967e-01 8.271706597197975297e-03 -1.211098449331197147e+00 -9.248918499682604391e-03 -6.221691957941880569e-01 2.214876835192111371e-01 1.000000000000000000e+00
2.617993877991494078e-01 -9.536444979355481744e-01 1.969850879054032833e-01 1.148681958540870296e-02 -1.219983762035296682e+00 -1.431919260031099331e-02 -6.207822586614307747e-01 2.321842952957819672e-01 1.000000000000000000e+00
2.617993678139804992e-01 -9.396218999289537299e-01 2.126879087580614280e-01 2.510530444319217236e-02 -1.234368918149129968e+00 -1.466560664302080791e-02 -6.224027016800983692e-01 2.463929414508521654e-01 1.000000000000000000e+00
2.617993539571548123e-01 -9.256819867305767779e-01 2.326784348096780086e-01 3.199259648664001809e-02 -1.247452744361649879e+00 -2.542323217233951813e-02 -6.231176154069182349e-01 2.541041181240658031e-01 1.000000000000000000e+00
2.617993623630970323e-01 -9.119320077428286764e-01 2.512723002339166678e-01 4.152490082728169107e-02 -1.259231329168380320e+00 -3.308251454675933956e-02 -6.230335252960288450e-01 2.639156013388255784e-01 1.000000000000000000e+00
2.617993836087552650e-01 -8.983620305407067352e-01 2.691112034744845838e-01 5.256136517437389605e-02 -1.269719916362159973e+00 -3.922219176207679403e-02 -6.221712941523741547e-01 2.748449884012956201e-01 1.000000000000000000e+00
2.617993851886001311e-01 -8.848011814474335823e-01 2.890093307970434400e-01 6.060513032022051688e-02 -1.278930399212158342e+00 -5.035822120916567946e-02 -6.203954725145451876e-01 2.826145742220836365e-01 1.000000000000000000e+00
2.617993675556447020e-01 -8.715842602296492991e-01 3.054719256162308216e-01 7.426763476897688121e-02 -1.286874781786669253e+00 -5.385948381675247087e-02 -6.180372687354479533e-01 2.955390619323383095e-01 1.000000000000000000e+00
2.617993763652487482e-01 -8.583163392729240559e-01 3.242455159351486649e-01 8.449983231235516645e-02 -1.293559562183782763e+00 -6.291837246166995246e-02 -6.147518460271531593e-01 3.049033423088363670e-01 1.000000000000000000e+00
2.617993716028376716e-01 -8.453553278148663308e-01 3.409043929733860390e-01 9.813228586400053743e-02 -1.298993293054530707e+00 -6.746587929212184698e-02 -6.108659442585352428e-01 3.173898771046100853e-01 1.000000000000000000e+00
2.617993801759155859e-01 -8.323210741756286168e-01 3.593822589296965520e-01 1.090783545744808125e-01 -1.303179432787502368e+00 -7.640072829961308543e-02 -6.060735783205385419e-01 3.270502328719016583e-01 1.000000000000000000e+00
2.617993813230439226e-01 -8.194525267288444992e-01 3.772530008209803998e-01 1.210239110839932686e-01 -1.306123064316593751e+00 -8.424815820169564984e-02 -6.005825359431112842e-01 3.375378741287730633e-01 1.000000000000000000e+00
2.617993826792475720e-01 -8.067679321913227009e-01 3.945497448241538363e-01 1.338665706532695954e-01 -1.307826938883291934e+00 -9.110230384898136691e-02 -5.944138365999982465e-01 3.487894273026309611e-01 1.000000000000000000e+00
2.617993761805771924e-01 -7.940005301866296383e-01 4.130994742585538115e-01 1.448226409836366191e-01 -1.308291459134394819e+00 -1.010093878378972021e-01 -5.873637604745413077e-01 3.580701054425041163e-01 1.000000000000000000e+00
2.617993778377735725e-01 -7.815495992403217462e-01 4.303054375362471151e-01 1.577520359153507523e-01 -1.307518775054632876e+00 -1.082226097407001653e-01 -5.797507858075705567e-01 3.692511964272778835e-01 1.000000000000000000e+00
2.617993786110442422e-01 -7.692494354304090232e-01 4.473853208967092931e-01 1.707865260324276935e-01 -1.305507528639795467e+00 -1.154365697744329927e-01 -5.714444489309531416e-01 3.805090226905616935e-01 1.000000000000000000e+00
2.617993793414811199e-01 -7.571138221122912793e-01 4.643343142570008353e-01 1.838969195719114824e-01 -1.302256014014668617e+00 -1.226339330171032083e-01 -5.624550161512074098e-01 3.918488746560259139e-01 1.000000000000000000e+00
2.617993800330236098e-01 -7.451591703146703827e-01 4.811486567356487720e-01 1.970530466005777914e-01 -1.297761368484532829e+00 -1.297974303587215994e-01 -5.527925049848300132e-01 4.032762697470120838e-01 1.000000000000000000e+00
2.617993806889827302e-01 -7.334045697573365885e-01 4.978257247586976297e-01 2.102237530061795978e-01 -1.292019482314529677e+00 -1.369099401966708540e-01 -5.424665829331324352e-01 4.147969574782395252e-01 1.000000000000000000e+00
2.617993813121456959e-01 -7.218718499561502799e-01 5.143641199444175527e-01 2.233768835297902933e-01 -1.285024873428169290e+00 -1.439545666680366598e-01 -5.314864436662239955e-01 4.264169261536617794e-01 1.000000000000000000e+00
2.617993819048765602e-01 -7.105856557288889874e-01 5.307637551137877052e-01 2.364792503230705722e-01 -1.276770523537622104e+00 -1.509147112824164583e-01 -5.198606597192376721e-01 4.381424129583463833e-01 1.000000000000000000e+00
2.617993824692019800e-01 -6.995735416170447696e-01 5.470259375361221643e-01 2.494965837990044677e-01 -1.267247672345077847e+00 -1.577741344958928926e-01 -5.075970105216298656e-01 4.499799197385101479e-01 0.000000000000000000e+00
